1.40040935042551e-05
4.84757082839599e-05
0.000135193364214155
0.000219217925239685
0.000309167295055478
0.000482602606915868
0.00064903587202413
0.000841322848217171
0.00110201443498869
0.00127598836583001
0.00156361090164817
0.00190401809759776
0.00230151890552623
0.00258968006032533
0.00277658084670904
0.00334051491974577
0.00400894107508349
0.00430464289561564
0.00512011203274803
0.00564418830119573
0.00635031778519875
0.00712485187978024
0.007335451901325
0.00850210061402564
0.00899547560056016
0.010136270602176
0.011035225681353
0.0127151782828827
0.0133372832058602
0.0157201335775073
0.0154131207583755
0.0170526769363352
0.0177103307120543
0.0197279974146289
0.0204610578476786
0.0245658731013681
0.0251793601206507
0.0258359366584078
0.0273381449962297
0.0295012388236561
0.0332435635031779
0.0353123990089411
0.0378961542604761
0.0404556716578692
0.0445055477755036
0.0472934396208122
0.0514375740601099
0.0507179791015835
0.0558095443283421
0.0589669287945707
0.0647463104599806
0.063659377356458
0.0682936550684046
0.0763379295486373
0.0799493698157923
0.0886092857912313
0.0882726489281482
0.0949784552407627
0.10029462458257
0.10601637401702
0.113986857696865
0.124751158030809
0.132161477970484
0.132933318970161
0.140182591834536
0.158823656145643
0.160850479370893
0.171034687062372
0.177275665194441
0.194716147797048
0.201225896800603
0.209668210707745
0.237029516320155
0.242268124528708
0.247423246795217
0.27337175482064
0.282058063126145
0.287858989550792
0.314375740601099
0.340479909512011
0.355679737153937
0.364045567165787
0.399586340622644
0.394614887428633
0.432220187439405
0.445470752989335
0.497152321447808
0.501952493805882
0.561775288161155
0.594971453194011
0.611291608316277
0.648427232575676
0.681482818054508
0.715687816438651
0.767176020682969
0.805482063987935
0.85459011095551
0.898502639233007
0.945601098782721
1
