1.38580931263858e-06
0
1.10864745011086e-05
1.03935698447894e-05
2.00942350332594e-05
2.42516629711752e-05
4.64246119733925e-05
6.16685144124168e-05
6.99833702882483e-05
9.35421286031042e-05
9.63137472283814e-05
0.000139966740576497
0.000160060975609756
0.00019539911308204
0.000219650776053215
0.000249445676274945
0.00032220066518847
0.000318043237250554
0.000365853658536585
0.000439994456762749
0.000477411308203991
0.000561945676274945
0.000590354767184035
0.000773974501108647
0.000817627494456763
0.000863359201773836
0.000871674057649667
0.00102896341463415
0.00115992239467849
0.00128256651884701
0.00126177937915743
0.00140105321507761
0.00142807649667406
0.00170523835920177
0.00195676274944568
0.0020475332594235
0.00212721729490022
0.00229767184035477
0.00243625277161863
0.00277716186252772
0.00304878048780488
0.00301482815964523
0.00328921840354767
0.00347907427937916
0.00379365299334812
0.00424611973392461
0.00435074833702882
0.00457039911308204
0.00520648558758315
0.00593819290465632
0.00633592017738359
0.00659090909090909
0.00687915742793792
0.0071694844789357
0.00763788802660754
0.00851233370288248
0.00952120288248337
0.00901538248337029
0.0100983924611973
0.0115174611973392
0.0120911862527716
0.0121978935698448
0.0138109756097561
0.0147249168514412
0.0158709811529933
0.0172380820399113
0.0180557095343681
0.0199778270509978
0.0219429046563193
0.0246182095343681
0.0265236973392461
0.0284381929046563
0.0333266352549889
0.0322831208425721
0.0347803492239468
0.0403554600886918
0.041430155210643
0.0462624722838137
0.0486148835920177
0.0530730321507761
0.0576552106430155
0.0684569013303769
0.0702272727272727
0.0785102549889135
0.0914869733924612
0.0998253880266075
0.114937638580931
0.119812222838137
0.132370426829268
0.148569844789357
0.17497921286031
0.185550859201774
0.225431679600887
0.247985033259423
0.292398143015521
0.338329406873614
0.410318043237251
0.492743209534368
0.683466601995565
1
