0
1.71777033410633e-06
6.87108133642532e-06
2.31898995104355e-05
3.26376363480203e-05
7.3005239199519e-05
7.72996650347849e-05
0.00010306622004638
0.000150304904234304
0.000173494803744739
0.000220733487932663
0.000262818861118268
0.000301468693635661
0.000380486129004552
0.00052649660740359
0.000486129004552091
0.000597784076269003
0.000699132525981276
0.000661341578630937
0.000873486214893069
0.000946491454092588
0.00102808554496264
0.00113286953534312
0.00136648630078159
0.00134157863093704
0.00145581035815511
0.00164218843940565
0.00182942540582324
0.00215322511380228
0.00228978785536374
0.00247101262561196
0.00257751438632655
0.00279223567808984
0.00295456497466289
0.00328953018981362
0.00374903375418706
0.00391136305076011
0.00423172721807094
0.00434767671562312
0.00440436313664863
0.00495748518423087
0.0051825130979988
0.00596066305934896
0.00627157948982221
0.00662372240831401
0.0069191789057803
0.00687709353259469
0.00824701537404449
0.00914283260328094
0.00884823499098171
0.0104466202868676
0.0118302842909903
0.0112771622434081
0.0124194795155888
0.0124083140084171
0.0131357897449111
0.014523748174869
0.0162251996908013
0.016720776432191
0.0171923043889032
0.0208769217555613
0.0213072232242549
0.0211723782530276
0.0243244868161127
0.0252606716482006
0.0250158893755905
0.0285167053164992
0.0322588679893498
0.0332483037017951
0.0360388216095508
0.0387374388044318
0.0425972687451688
0.0450863179592888
0.0433161556299923
0.0497380400240488
0.0554977239543073
0.0623791119127373
0.0653877866529245
0.0659391909301726
0.0795533797131324
0.0794941166366057
0.0909619513870996
0.0958601734948037
0.106579060379627
0.11035557845916
0.128334621661084
0.148684187924075
0.154472215064846
0.169585158464313
0.200386498325174
0.211278880013742
0.240927595980417
0.256110109078416
0.296177102121446
0.343145237481749
0.407369234733316
0.480484411234218
0.604420681954823
0.743740444902516
1
