2.95836106796835e-06
0
1.03542637378892e-05
2.21877080097626e-05
3.10627912136676e-05
3.91982841505806e-05
6.21255824273353e-05
7.61777975001849e-05
8.87508320390504e-05
0.000119813623252718
0.00015235559500037
0.000159751497670291
0.000179720434879077
0.000253679461578286
0.000341690703350344
0.000299534058131795
0.000380149397233932
0.000488869166481769
0.000502181791287627
0.00065231861548702
0.000587234671991717
0.00075512166259892
0.000866060202647733
0.000825382737963168
0.000891206271725464
0.000993269728570372
0.00111308335182309
0.0011959174617262
0.00133865838325568
0.00142445085422676
0.00158198358109607
0.00177945418238296
0.00199393535981066
0.00212262406626729
0.00204274831743214
0.00231565712595222
0.00258708675393832
0.00286443310406035
0.00326824938983803
0.00321573848088159
0.00369351379335848
0.00381184823607721
0.00380962946527624
0.00462465793950152
0.00444345832408845
0.00512018341838621
0.00546113453146957
0.00671178167295318
0.00650765475926337
0.00681532431033208
0.00755343539679018
0.00821019155387915
0.00929517047555654
0.00988832186968419
0.0101915538791509
0.0101087197692478
0.0106663708305599
0.0116759115450041
0.0147052732786037
0.0151290585015901
0.0154692700244065
0.0167236151172251
0.0185385696324236
0.0197337475038828
0.0212380741069448
0.0235137933584794
0.0240988092596701
0.0258013460542859
0.0308586642999778
0.0306382664004142
0.0342585607573404
0.034488573330375
0.0381998372901413
0.0430471119000074
0.0466156349382442
0.0507233192811183
0.0546091265438947
0.0552059758893573
0.0683699430515494
0.0742940610901561
0.0754485614969307
0.083081872642556
0.0915664521854892
0.104584720065084
0.113198727904741
0.126324975963316
0.146679979291473
0.150726277642186
0.170700391982841
0.186448487537904
0.203456844907921
0.24034908660602
0.260609422380002
0.307067524591376
0.358940906737667
0.431414836180756
0.495405665261445
0.586408549663486
0.763929443088529
1
