0.750197005516154
0.750197005516154
0.750197005516154
0.750197005516154
0.750197005516154
0.750197005516154
0.750197005516154
0.750197005516154
0.750197005516154
0.750197005516154
0.750591016548463
0.750197005516154
0.750197005516154
0.750394011032309
0.750197005516154
0.75177304964539
0.750197005516154
0.751379038613081
0.750788022064618
0.750591016548463
0.750394011032309
0.75354609929078
0.750394011032309
0.752167060677699
0.750591016548463
0.75177304964539
0.753152088258471
0.750591016548463
0.750197005516154
0.751379038613081
0.752561071710008
0.750788022064618
0.751576044129236
0.752167060677699
0.756895193065406
0.754334121355398
0.752167060677699
0.750788022064618
0.752955082742317
0.750985027580772
0.752758077226162
0.756107171000788
0.756895193065406
0.755910165484634
0.75531914893617
0.752364066193853
0.759259259259259
0.756698187549251
0.757683215130024
0.758471237194641
0.763002364066194
0.761426319936958
0.760835303388495
0.763593380614657
0.762608353033885
0.76635145784082
0.770882584712372
0.770291568163909
0.775807722616233
0.7698975571316
0.767927501970055
0.769700551615445
0.769700551615445
0.773246650906225
0.78053585500394
0.773049645390071
0.767533490937746
0.774822695035461
0.783687943262411
0.774428684003152
0.79511426319937
0.775807722616233
0.780732860520095
0.788219070133964
0.794326241134752
0.792356185973207
0.802403467297084
0.801615445232467
0.815602836879433
0.817572892040977
0.810283687943262
0.813435776201734
0.813435776201734
0.845547675334909
0.855988967691095
0.826635145784082
0.858156028368794
0.855988967691095
0.856973995271868
0.880811662726556
0.877659574468085
0.897951142631994
0.898345153664303
0.897951142631994
0.945232466509062
0.947399527186761
0.9424743892829
0.947399527186761
0.983254531126872
1
