0.862884160756501
0.862884160756501
0.862884160756501
0.862884160756501
0.862884160756501
0.863081166272656
0.862884160756501
0.862884160756501
0.862884160756501
0.862884160756501
0.862884160756501
0.863081166272656
0.862884160756501
0.862884160756501
0.862884160756501
0.864066193853428
0.862884160756501
0.864066193853428
0.86327817178881
0.863081166272656
0.864460204885737
0.864066193853428
0.86327817178881
0.863475177304965
0.862884160756501
0.864066193853428
0.864263199369582
0.864460204885737
0.865445232466509
0.864066193853428
0.865248226950355
0.864460204885737
0.865839243498818
0.865642237982663
0.864657210401891
0.86682427107959
0.866430260047281
0.864460204885737
0.865248226950355
0.867218282111899
0.865445232466509
0.867612293144208
0.867809298660362
0.868794326241135
0.867218282111899
0.865839243498818
0.869976359338062
0.86859732072498
0.868400315208826
0.870173364854216
0.87037037037037
0.869385342789598
0.869188337273444
0.86859732072498
0.874901497241923
0.868203309692671
0.873916469661151
0.870173364854216
0.873325453112687
0.875492513790386
0.876280535855004
0.876083530338849
0.874507486209614
0.882584712371946
0.877659574468085
0.885933806146572
0.883372734436564
0.87962962962963
0.879235618597321
0.884357762017337
0.883963750985028
0.896375098502758
0.8849487785658
0.894799054373522
0.901103230890465
0.904846335697399
0.906028368794326
0.898936170212766
0.90839243498818
0.911347517730496
0.901497241922774
0.891843971631206
0.900906225374311
0.907801418439716
0.914105594956659
0.913514578408195
0.929275019700552
0.914302600472813
0.924546887312845
0.926713947990544
0.950354609929078
0.939913317572892
0.939519306540583
0.958431836091411
0.958825847123719
0.958431836091411
0.970843183609141
0.977935382190701
0.984042553191489
1
