0.799054373522459
0.799054373522459
0.799054373522459
0.799054373522459
0.799054373522459
0.799054373522459
0.799054373522459
0.799054373522459
0.799054373522459
0.799054373522459
0.799448384554768
0.799251379038613
0.799251379038613
0.799251379038613
0.799054373522459
0.799448384554768
0.799448384554768
0.799251379038613
0.799251379038613
0.799448384554768
0.801221434200158
0.799054373522459
0.800039401103231
0.80043341213554
0.799448384554768
0.800039401103231
0.802600472813239
0.801024428684003
0.799448384554768
0.801812450748621
0.801221434200158
0.799645390070922
0.801418439716312
0.807722616233254
0.806737588652482
0.80220646178093
0.807722616233254
0.800827423167849
0.802797478329393
0.806540583136328
0.807722616233254
0.802994483845548
0.806540583136328
0.806934594168637
0.806343577620173
0.806343577620173
0.814223798266351
0.806737588652482
0.81284475965327
0.809889676910953
0.80929866036249
0.80929866036249
0.811859732072498
0.813632781717888
0.820724980299448
0.810086682427108
0.825256107171001
0.819542947202522
0.823286052009456
0.814420803782506
0.816587864460205
0.826438140267928
0.830378250591017
0.826241134751773
0.827029156816391
0.820527974783294
0.844759653270292
0.82919621749409
0.835500394011032
0.849290780141844
0.839243498817967
0.844168636721828
0.84160756501182
0.833924349881797
0.849881796690307
0.852048857368006
0.846926713947991
0.856382978723404
0.864263199369582
0.858550039401103
0.872340425531915
0.860323089046493
0.87785657998424
0.879038613081166
0.880614657210402
0.869385342789598
0.886327817178881
0.915090622537431
0.90661938534279
0.915287628053586
0.907998423955871
0.937746256895193
0.936170212765957
0.928881008668243
0.922970843183609
0.929866036249015
0.969070133963751
0.981087470449173
0.977541371158392
1
