0.918045705279748
0.918045705279748
0.918242710795902
0.918242710795902
0.918045705279748
0.918242710795902
0.918636721828211
0.918833727344366
0.918045705279748
0.918636721828211
0.918045705279748
0.919818754925138
0.918636721828211
0.919818754925138
0.919424743892829
0.919227738376675
0.919424743892829
0.918636721828211
0.920015760441292
0.919424743892829
0.920212765957447
0.921591804570528
0.921394799054373
0.921197793538219
0.92080378250591
0.921985815602837
0.923561859732072
0.920409771473601
0.922970843183609
0.923561859732072
0.923561859732072
0.921985815602837
0.921591804570528
0.9225768321513
0.924546887312845
0.923758865248227
0.925334909377463
0.92612293144208
0.92612293144208
0.92612293144208
0.927501970055162
0.930851063829787
0.927304964539007
0.928881008668243
0.926910953506698
0.928684003152088
0.927107959022853
0.927698975571316
0.930654058313633
0.931639085894405
0.93715524034673
0.933018124507486
0.932230102442868
0.934988179669031
0.936564223798266
0.933412135539795
0.939322301024429
0.940110323089047
0.934397163120567
0.943656422379827
0.944444444444444
0.939716312056738
0.940898345153664
0.941489361702128
0.943656422379827
0.941883372734437
0.945035460992908
0.947202521670607
0.950945626477541
0.950945626477541
0.950157604412924
0.951930654058314
0.947990543735225
0.962962962962963
0.952521670606777
0.958825847123719
0.957052797478329
0.961386918833727
0.966903073286052
0.965327029156816
0.965327029156816
0.966903073286052
0.96946414499606
0.967494089834515
0.969858156028369
0.970843183609141
0.976162332545311
0.971631205673759
0.973995271867612
0.983845547675335
0.9801024428684
0.984042553191489
0.988967691095351
0.985815602836879
0.988967691095351
0.984239558707644
0.992513790386131
0.997832939322301
0.995665878644602
1
