0.105181692443103
0.105180435055954
0.105186093298127
0.105187350685276
0.105195523701748
0.10520243933107
0.105212498428266
0.105220671444738
0.105243304413429
0.105245819187728
0.105259021752798
0.105298000754432
0.105323777190997
0.105321891110273
0.105340751917515
0.105370929209103
0.105433798566579
0.105419967307934
0.105515528731296
0.105547592103609
0.10555576512008
0.105650697849868
0.105664529108512
0.105828618131523
0.105881428391802
0.105892744876147
0.105993335848108
0.106021627058971
0.106202062114925
0.106349176411417
0.106313969571231
0.106434050044009
0.106549100968188
0.106701244813278
0.107018735068528
0.107133785992707
0.107158933735697
0.107399723374827
0.107512888218282
0.107942285929838
0.10812775053439
0.108160442600277
0.108524456180058
0.108738211995473
0.108887841066264
0.109537281528983
0.109451150509242
0.109821451024771
0.110485980133283
0.11150572111153
0.111840186093298
0.111989186470514
0.112509116056834
0.112873129636615
0.113437067773167
0.11427763108261
0.115470891487489
0.114823337105495
0.11617754306551
0.117747390921665
0.118631334087766
0.118250345781466
0.120168489878033
0.121259901923802
0.122472023135924
0.124234251225952
0.124913868980259
0.127528605557651
0.129376964667421
0.132520432541179
0.134245567710298
0.136249214133032
0.142234376964667
0.140591600653841
0.142992581415818
0.149035584056331
0.150093675342638
0.155372186596253
0.157423613730668
0.162574500188608
0.16673456557274
0.178037218659625
0.179889349930844
0.18840563309443
0.201935118823086
0.209134288947567
0.224688796680498
0.228534515277254
0.24150697849868
0.256034200930466
0.281791147994468
0.291217150760719
0.3280378473532
0.349376964667421
0.391035458317616
0.432722243178675
0.495602917138187
0.567766880422482
0.733878410662643
1
