0.206651578020873
0.206653464101597
0.206653464101597
0.206666666666667
0.206685527473909
0.206713189991198
0.206704388281152
0.206716333459072
0.2067729158808
0.206788004526594
0.206818810511757
0.206851502577644
0.206871620772036
0.206985414309066
0.207091663523199
0.207068401860933
0.207153904187099
0.207229976109644
0.20720294228593
0.207355714824594
0.207497170878914
0.207508487363259
0.207676348547718
0.207765623035333
0.207834779328555
0.207890104363133
0.208039733433924
0.208187476423991
0.208526342260782
0.208579781214636
0.20873381114045
0.208909845341381
0.209119200301773
0.209194643530743
0.209529108512511
0.209923928077455
0.210191751540299
0.210444486357349
0.21064566830127
0.21059411542814
0.211202062114925
0.211493147240035
0.212155790267823
0.21230353325789
0.212727272727273
0.212893876524582
0.212857412297246
0.214376964667421
0.215257135672073
0.214857915252106
0.216372438073683
0.218063623789765
0.217194769269458
0.21830378473532
0.218364768012071
0.218662768766503
0.220134540424997
0.221820067898906
0.222245693449013
0.222613479190243
0.22678360367157
0.226779202816547
0.22707594618383
0.229501445995222
0.230905947441217
0.230828618131523
0.233669684395825
0.237196026656608
0.23810134540425
0.241066264302779
0.243769646674211
0.246860932981265
0.250043379856658
0.24821388155413
0.253873381114045
0.2589865459575
0.266446623915504
0.268601785489752
0.268977115553879
0.282480196152395
0.282536778574123
0.292866214007293
0.296977241292594
0.306690557022507
0.310811643405004
0.325469634100339
0.345045894630957
0.348761473657739
0.361849616496919
0.388622532377719
0.398107632339998
0.421829498302527
0.433851376838929
0.466535269709544
0.50275996479316
0.554453665283541
0.61094995599145
0.705779580032692
0.810548220797183
1
