0.138691059977367
0.138689802590218
0.138697346913115
0.138701119074563
0.138711178171759
0.138711178171759
0.1387350685276
0.138748899786244
0.138743870237646
0.138775933609959
0.13879856657865
0.138777190997108
0.138792279642902
0.138896014082736
0.138934993084371
0.138882182824092
0.139006664151892
0.139067018735069
0.139070162202942
0.139217905193009
0.139166352319879
0.139265057211115
0.139372563812398
0.139285175405507
0.139492015591601
0.139492015591601
0.139717716584936
0.139617754306551
0.139876776059349
0.139903181189488
0.14006349805105
0.1402539922042
0.140511127876273
0.140750031434679
0.140480950584685
0.140768892241921
0.141053061737709
0.141351691185716
0.141903055450773
0.141814409656733
0.14225198038476
0.142380862567585
0.142423613730668
0.14322834150635
0.142908336476801
0.143650823588583
0.144130516786118
0.145547592103609
0.145460832390293
0.145476549729662
0.146251100213756
0.147060857538036
0.148436439079593
0.149293348421979
0.149316610084245
0.149166352319879
0.149558657110524
0.151180057839809
0.154458694832139
0.154690682761222
0.154942160191123
0.15636677983151
0.158635106249214
0.159580032692066
0.160830504212247
0.163513139695712
0.163841317741733
0.166592480824846
0.171318999119829
0.170863196278134
0.175143342135043
0.174979881805608
0.17926694329184
0.184070162202942
0.18727964290205
0.190721740223815
0.19450521815667
0.195738086256758
0.209031183201308
0.214994970451402
0.214907582044512
0.221878536401358
0.231110272853011
0.244091537784484
0.252169621526468
0.26477115553879
0.285301772915881
0.28717779454294
0.304992455677103
0.320475292342512
0.334975480950585
0.368741984156922
0.386103357223689
0.426978498679743
0.472869357475167
0.5344945303659
0.588638878410663
0.662805859424117
0.810245190494153
1
