0.316560417452534
0.316593738211995
0.316743367282786
0.316989186470514
0.316924431032315
0.317023764617126
0.317573871495033
0.317810888972715
0.31769520935496
0.318359109769898
0.318513139695712
0.319234879919527
0.318875895888344
0.319622783855149
0.319913868980259
0.320466490632466
0.320895888344021
0.321434050044009
0.321770401106501
0.322131271218408
0.323403747013706
0.323662140072928
0.323775933609959
0.32492455677103
0.324944046271847
0.326193889098453
0.32703885326292
0.328382371432164
0.328427637369546
0.330269080849994
0.330447001131648
0.332006161197033
0.331957751791777
0.333702376461713
0.334099710800956
0.336863447755564
0.337918395573997
0.338562806488118
0.339004778071168
0.341554130516786
0.343740726769772
0.34488494907582
0.347599019238023
0.349306550987049
0.351833899157551
0.35358292468251
0.357741103985917
0.356594995599145
0.359992455677103
0.361325914749151
0.365850622406639
0.365374701370552
0.368428266063121
0.374736577392179
0.377141959009179
0.382963661511379
0.383074311580536
0.387433672827864
0.39178486105872
0.394483842575129
0.399544197158305
0.408312586445367
0.413818056079467
0.412977492770024
0.418577266440337
0.431320885200553
0.432387149503332
0.439796931975355
0.44288696089526
0.455840563309443
0.460018232113668
0.464384508990318
0.485646925688419
0.488041619514649
0.491101471142965
0.508840689048158
0.512998868351565
0.517444989312209
0.536166226581164
0.554838425751289
0.562185967559412
0.56968250974475
0.596548472274613
0.589060731799321
0.615462089777443
0.624095309945932
0.6616459197787
0.661513265434427
0.706720105620521
0.728979001634603
0.737400980761977
0.764663648937508
0.787515402992581
0.807456934490129
0.843867094178298
0.869366905570225
0.903528228341506
0.931435936124733
0.964793788507481
1
